6 0.790625 0.209375 0.1609375 0.159375
6 0.8 0.35625 0.1234375 0.1171875
6 0.809375 0.6859375 0.171875 0.134375
6 0.8 0.509375 0.1765625 0.11875
6 0.678125 0.7203125 0.10625 0.134375
6 0.675 0.590625 0.11875 0.0875
6 0.66875 0.4703125 0.103125 0.1078125
6 0.675 0.34375 0.1203125 0.1125
6 0.665625 0.2125 0.125 0.1140625
6 0.553125 0.2375 0.0859375 0.103125
6 0.565625 0.36875 0.071875 0.0875
6 0.571875 0.478125 0.0640625 0.09375
6 0.578125 0.5921875 0.103125 0.096875
6 0.578125 0.709375 0.0828125 0.1046875