6 0.209375 0.209375 0.159375 0.1609375
6 0.35625 0.2 0.1171875 0.1234375
6 0.6859375 0.190625 0.134375 0.171875
6 0.509375 0.2 0.11875 0.1765625
6 0.7203125 0.321875 0.134375 0.10625
6 0.590625 0.325 0.0875 0.11875
6 0.4703125 0.33125 0.1078125 0.103125
6 0.34375 0.325 0.1125 0.1203125
6 0.2125 0.334375 0.1140625 0.125
6 0.2375 0.446875 0.103125 0.0859375
6 0.36875 0.434375 0.0875 0.071875
6 0.478125 0.428125 0.09375 0.0640625
6 0.5921875 0.421875 0.096875 0.103125
6 0.709375 0.421875 0.1046875 0.0828125