6 0.790625 0.209375 0.1609375 0.1609375
6 0.64375 0.2 0.1171875 0.1234375
6 0.3140625 0.190625 0.134375 0.171875
6 0.490625 0.2 0.11875 0.1765625
6 0.2796875 0.321875 0.134375 0.10625
6 0.409375 0.325 0.0875 0.11875
6 0.5296875 0.33125 0.1078125 0.103125
6 0.65625 0.325 0.1125 0.1203125
6 0.7875 0.334375 0.1140625 0.125
6 0.7625 0.446875 0.103125 0.0859375
6 0.63125 0.434375 0.0875 0.071875
6 0.521875 0.428125 0.09375 0.0640625
6 0.4078125 0.421875 0.096875 0.103125
6 0.290625 0.421875 0.1046875 0.0828125