7 0.49375 0.24453125 0.840625 0.0515625
7 0.403125 0.33046875 0.215625 0.0359375
7 0.40234375 0.6953125 0.2109375 0.03125
7 0.40234375 0.95546875 0.2109375 0.0203125
7 0.4 0.73125 0.215625 0.03125
7 0.39921875 0.84296875 0.2234375 0.0359375
7 0.39921875 0.87734375 0.2234375 0.0203125
7 0.39765625 0.54609375 0.2265625 0.0203125
7 0.3984375 0.58515625 0.21875 0.0359375
7 0.3984375 0.6234375 0.21875 0.028125
7 0.3984375 0.659375 0.21875 0.028125
7 0.39765625 0.76171875 0.2109375 0.0234375
7 0.3984375 0.80390625 0.21875 0.0203125
7 0.3984375 0.91640625 0.21875 0.0203125
7 0.39765625 0.36640625 0.2265625 0.0359375
7 0.39765625 0.40546875 0.2265625 0.0359375
7 0.3984375 0.4421875 0.21875 0.03125
7 0.39609375 0.47578125 0.2234375 0.0359375
7 0.39609375 0.5203125 0.2234375 0.03125
7 0.634375 0.91484375 0.215625 0.0234375
7 0.634375 0.953125 0.215625 0.015625
7 0.634375 0.328125 0.215625 0.015625
7 0.634375 0.43984375 0.215625 0.0203125
7 0.6328125 0.546875 0.21875 0.015625
7 0.63203125 0.5859375 0.2109375 0.015625
7 0.63203125 0.69609375 0.2109375 0.0234375
7 0.6328125 0.7390625 0.21875 0.015625
7 0.63203125 0.875 0.2109375 0.015625
7 0.6328125 0.3671875 0.21875 0.03125
7 0.63203125 0.4046875 0.2265625 0.028125
7 0.6296875 0.48125 0.215625 0.015625
7 0.6296875 0.6234375 0.215625 0.028125
7 0.6296875 0.8015625 0.215625 0.015625
7 0.6296875 0.8390625 0.215625 0.028125
7 0.628125 0.51875 0.21875 0.0125
7 0.62890625 0.66015625 0.2109375 0.0234375
7 0.62890625 0.76484375 0.2109375 0.0203125