7 0.49375 0.75546875 0.840625 0.0515625
7 0.403125 0.66953125 0.215625 0.0359375
7 0.40234375 0.3046875 0.2109375 0.03125
7 0.40234375 0.04453125 0.2109375 0.0203125
7 0.4 0.26875 0.215625 0.03125
7 0.39921875 0.15703125 0.2234375 0.0359375
7 0.39921875 0.12265625 0.2234375 0.0203125
7 0.39765625 0.45390625 0.2265625 0.0203125
7 0.3984375 0.41484375 0.21875 0.0359375
7 0.3984375 0.3765625 0.21875 0.028125
7 0.3984375 0.340625 0.21875 0.028125
7 0.39765625 0.23828125 0.2109375 0.0234375
7 0.3984375 0.19609375 0.21875 0.0203125
7 0.3984375 0.08359375 0.21875 0.0203125
7 0.39765625 0.63359375 0.2265625 0.0359375
7 0.39765625 0.59453125 0.2265625 0.0359375
7 0.3984375 0.5578125 0.21875 0.03125
7 0.39609375 0.52421875 0.2234375 0.0359375
7 0.39609375 0.4796875 0.2234375 0.03125
7 0.634375 0.08515625 0.215625 0.0234375
7 0.634375 0.046875 0.215625 0.015625
7 0.634375 0.671875 0.215625 0.015625
7 0.634375 0.56015625 0.215625 0.0203125
7 0.6328125 0.453125 0.21875 0.015625
7 0.63203125 0.4140625 0.2109375 0.015625
7 0.63203125 0.30390625 0.2109375 0.0234375
7 0.6328125 0.2609375 0.21875 0.015625
7 0.63203125 0.125 0.2109375 0.015625
7 0.6328125 0.6328125 0.21875 0.03125
7 0.63203125 0.5953125 0.2265625 0.028125
7 0.6296875 0.51875 0.215625 0.015625
7 0.6296875 0.3765625 0.215625 0.028125
7 0.6296875 0.1984375 0.215625 0.015625
7 0.6296875 0.1609375 0.215625 0.028125
7 0.628125 0.48125 0.21875 0.0125
7 0.62890625 0.33984375 0.2109375 0.0234375
7 0.62890625 0.23515625 0.2109375 0.0203125