1 0.07109375 0.31640625 0.1375 0.325
1 0.11171875 0.6703125 0.153125 0.3453125
1 0.215625 0.3171875 0.13515625 0.32265625
1 0.36015625 0.31953125 0.1421875 0.31875
1 0.2640625 0.66796875 0.1515625 0.3453125
1 0.428125 0.6671875 0.15078125 0.34375
1 0.58203125 0.66796875 0.15078125 0.34609375
1 0.50078125 0.31953125 0.1375 0.32265625
1 0.73359375 0.6703125 0.15390625 0.34140625
1 0.890625 0.66796875 0.15703125 0.34609375
1 0.92734375 0.31953125 0.13671875 0.32265625
1 0.7828125 0.31875 0.1421875 0.3171875
1 0.640625 0.3203125 0.13515625 0.3203125