8 0.13671875 0.15078125 0.20546875 0.28671875
8 0.14609375 0.45703125 0.21875 0.32578125
8 0.146875 0.81640625 0.22109375 0.3359375
8 0.38125 0.16171875 0.2421875 0.296875
8 0.36875 0.45859375 0.2109375 0.30703125
8 0.39296875 0.80234375 0.18203125 0.33828125
8 0.615625 0.165625 0.21640625 0.28359375
8 0.6015625 0.478125 0.203125 0.27890625
8 0.63125 0.803125 0.1953125 0.34140625
8 0.86484375 0.15234375 0.22421875 0.29453125
8 0.8265625 0.4765625 0.18515625 0.29140625
8 0.859375 0.7953125 0.21328125 0.3046875