8 0.15625 0.45859375 0.234375 0.14609375
8 0.525 0.10546875 0.1484375 0.1640625
8 0.50390625 0.5171875 0.16953125 0.26796875
8 0.7890625 0.7890625 0.09921875 0.16171875
8 0.75234375 0.9203125 0.08828125 0.1484375
8 0.8578125 0.85 0.0703125 0.1484375
8 0.959375 0.8375 0.08046875 0.16953125
3 0.5296875 0.8515625 0.22109375 0.125
8 0.07421875 0.88828125 0.11171875 0.16171875
8 0.10546875 0.1953125 0.12734375 0.16171875
8 0.26328125 0.27578125 0.125 0.10390625
8 0.9 0.25390625 0.04921875 0.12265625
8 0.7578125 0.20078125 0.08828125 0.09921875
8 0.71640625 0.071875 0.078125 0.09140625
8 0.78515625 0.0625 0.09140625 0.125
8 0.9375 0.1578125 0.078125 0.13828125