8 0.053125 0.265625 0.10625 0.35625
8 0.04296875 0.6734375 0.0859375 0.47109375
8 0.17421875 0.26015625 0.11953125 0.34375
8 0.15859375 0.6890625 0.140625 0.50234375
8 0.29140625 0.68125 0.11484375 0.5078125
8 0.30625 0.22109375 0.1171875 0.38046875
8 0.49765625 0.6703125 0.27109375 0.54921875
8 0.4984375 0.22109375 0.25234375 0.390625
8 0.709375 0.24375 0.15859375 0.3671875
8 0.709375 0.67734375 0.17421875 0.50546875
8 0.85703125 0.671875 0.11953125 0.5
8 0.84609375 0.25234375 0.07265625 0.32265625
8 0.9609375 0.6890625 0.078125 0.434375