8 0.10390625 0.1625 0.17734375 0.31484375
8 0.09609375 0.83359375 0.17734375 0.32265625
8 0.103125 0.50625 0.18984375 0.3203125
8 0.303125 0.18515625 0.2109375 0.31796875
8 0.30234375 0.490625 0.19296875 0.2890625
8 0.30234375 0.81875 0.19296875 0.34609375
8 0.49609375 0.165625 0.18984375 0.33046875
8 0.50390625 0.51171875 0.18984375 0.34609375
8 0.52109375 0.828125 0.19296875 0.32265625
8 0.71484375 0.171875 0.20078125 0.28671875
8 0.7125 0.4921875 0.16953125 0.30234375
8 0.70859375 0.8203125 0.15625 0.296875
8 0.89453125 0.834375 0.15390625 0.33046875
8 0.91796875 0.490625 0.12734375 0.32578125
8 0.90625 0.16796875 0.15625 0.3046875