8 0.11484375 0.20703125 0.18203125 0.40859375
8 0.70546875 0.1875 0.16171875 0.36484375
8 0.54453125 0.17578125 0.13046875 0.3203125
8 0.41015625 0.21328125 0.14296875 0.390625
8 0.26796875 0.203125 0.125 0.38046875
8 0.80625 0.4828125 0.13828125 0.34609375
8 0.65859375 0.52734375 0.16171875 0.31015625
8 0.5015625 0.51953125 0.13828125 0.3203125
8 0.35 0.521875 0.1171875 0.28359375
8 0.20546875 0.53359375 0.15625 0.296875
8 0.30703125 0.83359375 0.19296875 0.27578125
8 0.48046875 0.8359375 0.12265625 0.30703125
8 0.6171875 0.82421875 0.16640625 0.3046875
8 0.74765625 0.8296875 0.140625 0.27890625
8 0.9046875 0.80078125 0.1484375 0.37734375