8 0.0765625 0.165625 0.140625 0.33125
8 0.24765625 0.17578125 0.15078125 0.3359375
8 0.41171875 0.171875 0.14609375 0.33359375
8 0.5859375 0.1734375 0.17734375 0.3359375
8 0.915625 0.16953125 0.15390625 0.3125
8 0.91640625 0.5078125 0.15625 0.33828125
8 0.7421875 0.50234375 0.16171875 0.33359375
8 0.57265625 0.49453125 0.15078125 0.30703125
8 0.4203125 0.4984375 0.16953125 0.3203125
8 0.2515625 0.50546875 0.17421875 0.30234375
8 0.59375 0.840625 0.15625 0.31875
8 0.4234375 0.83984375 0.17421875 0.3203125
8 0.259375 0.8296875 0.1796875 0.32578125
8 0.08046875 0.8296875 0.15625 0.32578125
8 0.08359375 0.50234375 0.16640625 0.32265625